2.184794234 -0.182407192 -1.304394327 -0.906889871 0.208897156
-0.182407192 4.563879201 -3.168921956 -4.167733602 2.955183549
-1.304394327 -3.168921956 3.434968612 3.511617453 -2.473269782
-0.906889871 -4.167733602 3.511617453 5.035087447 -3.472081428
0.208897156 2.955183549 -2.473269782 -3.472081428 2.78127050
